time,x,y,z,phi,theta,psi,x_velocity,y_velocity,z_velocity,phi_velocity,theta_velocity,psi_velocity,rotor_speed1,rotor_speed2,rotor_speed3,rotor_speed4
0.06,-2.10367213151e-07,-5.87313205569e-08,11.9992180217,6.28306394672,0.000249821170292,0.0,-1.83257897877e-05,-6.7293155013e-06,-0.0260661412422,-0.00641038345901,0.0114065549212,0.0,393.63180674352463,394.68579185663276,395.90398729087536,395.31383543615135
0.12000000000000001,-9.25083463881e-06,-3.9012371165e-06,12.0005917989,6.28312507722,0.000456872713354,0.0,-0.000337512857345,-0.000134676358679,0.0718573318403,0.0128016523766,-0.0214647891313,0.0,438.16844514620664,435.4277385750599,434.8738506025621,436.47981105228536
0.18,-3.37724322916e-05,-1.04553437525e-05,12.0069249886,0.000495941360867,6.28199505223,0.0,-0.000341173372124,-1.83293469865e-05,0.139242559489,0.00105538755789,-0.0434535671086,0.0,425.4356621478269,423.54877073126335,428.87066924426915,427.8718952192243
0.23999999999999996,-1.94137233125e-05,-7.51773203686e-07,12.0184139768,6.32573512593e-05,6.27904343119,0.0,0.00110142648317,0.000333306015636,0.243705893841,-0.0339652698033,-0.0642852850316,0.0,440.05185750800814,438.32267592264924,438.9564271341442,436.04109409150067
0.3,0.000164436887668,1.15141017147e-05,12.0396565236,6.28100946255,6.2753100552,0.0,0.00548121241193,-0.000179542362483,0.464312280401,-0.0450459767076,-0.0583896846907,0.0,473.7869806042242,474.2374287345937,473.848893517136,472.9958593952191
0.36000000000000004,0.000676056058891,-5.65988364637e-05,12.0714085734,6.27860728747,6.27249274957,0.0,0.0119016636144,-0.00236070656384,0.594026558196,-0.0315394414595,-0.0305507244069,0.0,444.31365933946034,446.5882850901986,446.9653965428632,448.06377284756417
0.4200000000000001,0.00164978628832,-0.000314284205087,12.1129185803,6.27655768252,6.27054849489,0.0,0.0207737551257,-0.00645645210936,0.789521686835,-0.0399961414599,-0.0363951752591,0.0,466.8831413517051,466.42664800489587,466.92981639001147,466.2692748834203
0.48000000000000015,0.00316585862996,-0.000847827791329,12.1633009072,6.2737619915,6.26809293522,0.0,0.0299956449936,-0.0115875660539,0.889810836044,-0.0649940826601,-0.052018891747,0.0,438.47593038655896,437.17524736462445,438.5526151314556,436.47006439352026
0.5400000000000001,0.00527229882113,-0.00174158679651,12.2186106834,6.27001855925,6.2651255836,0.0,0.040512049637,-0.0185728211505,0.953787880165,-0.0576368206107,-0.0447694549532,0.0,425.7930321958871,426.41103792159686,425.9375632746274,426.5632115277456
0.6000000000000002,0.00809098617752,-0.0031448502228,12.2790979318,6.26623817853,6.26269478297,0.0,0.0537054113938,-0.0285718481485,1.06234801932,-0.0767992666953,-0.033131852643,0.0,440.63306251836906,441.5930660805938,440.88596706689486,439.29699591440254
0.6600000000000003,0.0117432650016,-0.00522618801505,12.3457927216,6.26146205057,6.26078282383,0.0,0.068233414933,-0.0412810677102,1.160702901,-0.0858932776523,-0.0294478270188,0.0,437.39439313342865,437.70067160967955,438.05809128499857,437.29607099476124
0.7200000000000003,0.0163773240886,-0.00824189725423,12.4215309109,6.25621525569,6.25903316809,0.0,0.0864361681382,-0.0598469092756,1.36366324589,-0.0907473233479,-0.0285933113126,0.0,468.9786498735933,469.0448078703651,470.97638970029305,470.5949705916792
0.7800000000000004,0.022172089342,-0.0125284008316,12.5105562743,6.25089877684,6.2569096286,0.0,0.106943548192,-0.0836876373052,1.60351725442,-0.084642674601,-0.0546397671884,0.0,482.86077947405494,480.8914462110146,480.3036878319862,480.7604962003824
0.8400000000000004,0.029287078382,-0.0184129351529,12.6150770513,6.24554731589,6.25321081728,0.0,0.130650575954,-0.113114861109,1.88005811426,-0.100331528539,-0.0817997624452,0.0,492.72721210991506,490.71278130792507,493.64346796123806,492.47859643993473
0.9000000000000005,0.0376857168995,-0.0259010360121,12.728345245,6.24064594035,6.24873643415,0.0,0.149720330382,-0.136962831661,1.89548732634,-0.0587991430871,-0.0630550020385,0.0,412.9740199131432,414.6190578604462,410.4542322057913,414.1165883150001
0.9600000000000005,0.0473811664974,-0.0349938480844,12.8446587927,6.23705943176,6.24481813596,0.0,0.173840263192,-0.166479621364,1.98145167373,-0.061801370347,-0.0702317664929,0.0,436.65876972388634,436.0564377502816,436.4075135675881,436.1542644283461
1.0200000000000005,0.0587053473022,-0.0460526430583,12.9687218685,6.2330541199,6.24135511404,0.0,0.204043924677,-0.202563612195,2.15363168688,-0.0791712533403,-0.0402081969171,0.0,461.3660505541039,463.7278625892559,464.9911475631086,463.6252564713159
1.0800000000000005,0.071731210383,-0.059151675708,13.0987908491,6.2284829081,6.23917175999,0.0,0.230357421373,-0.234493432199,2.18190961887,-0.0708047122592,-0.029677171076,0.0,417.55300984736107,418.4699603715109,418.9851816074079,419.70692172298067
1.1400000000000006,0.0864248704782,-0.0743123105558,13.2316895762,6.22473707715,6.23710749012,0.0,0.259608477437,-0.271238077598,2.24788225803,-0.0494788471186,-0.0461059051249,0.0,431.753800703924,430.36494160033675,430.56211444498007,432.35938677222725
1.2000000000000006,0.103163689831,-0.0920593560454,13.3738267293,6.22131714921,6.23478860977,0.0,0.298636386829,-0.320684237778,2.4894782516,-0.0795813989716,-0.0268313788481,0.0,484.5320185724919,485.97815573390164,486.14748564853124,483.8845270038437
1.2600000000000007,0.122240143933,-0.112793034644,13.5292852795,6.21705569212,6.23281078051,0.0,0.337426182988,-0.370934579723,2.69195996273,-0.0578525235823,-0.0495124683105,0.0,474.7215148814411,472.9775250509519,475.05491488119384,476.7144089179875
1.3200000000000007,0.143496792722,-0.136377741551,13.6929933722,6.21308308524,6.23066765596,0.0,0.371359618441,-0.415565441739,2.76475159139,-0.0935054617119,-0.016964741901,0.0,434.2531942763341,436.9740255398079,438.14055649333045,435.1623940648397
1.3800000000000008,0.166952188789,-0.1628978404,13.863459997,6.20799262286,6.22988648965,0.0,0.410561178958,-0.468994231663,2.91702569433,-0.0715420008464,-0.00611074694495,0.0,460.6254084438535,461.48306425237195,460.89791261995305,462.6246628186501
1.4400000000000008,0.192701249481,-0.192629124751,14.0416942905,6.20365314771,6.22914387269,0.0,0.447774389782,-0.522473405125,3.02378305967,-0.0739366624678,-0.0294470838906,0.0,448.46629574710363,446.5668310417357,449.2182962239457,449.0200852776469
1.5000000000000009,0.220747540387,-0.225725449422,14.2271318698,6.19950012742,6.2272048236,0.0,0.487275879771,-0.581167102475,3.15703672355,-0.06114560664,-0.0387834715218,0.0,458.06754434822284,457.32410458768305,456.271570425806,457.28806792319966
1.560000000000001,0.251157347593,-0.262356379121,14.4196724768,6.1960914505,6.224381344,0.0,0.52661757127,-0.640202294362,3.26061985273,-0.0493127271723,-0.0738401077176,0.0,450.7427515710277,447.89893834341757,448.1331813193947,449.0917920616053
1.620000000000001,0.284182564203,-0.302875572655,14.6215725008,6.19323262212,6.2204605779,0.0,0.574671184762,-0.710726959339,3.46867347688,-0.0445092873477,-0.0522497541899,0.0,480.45854668561293,482.089738933652,481.0463582222942,481.40877315142336
1.680000000000001,0.319763028419,-0.347100819808,14.8294005818,6.19056707453,6.21696790656,0.0,0.611622630968,-0.763682413519,3.4588909187,-0.0442593766814,-0.0741097883998,0.0,414.7578808764846,412.8305760354069,415.06706268276616,415.0877187185505
1.740000000000001,0.357831281347,-0.394835919868,15.0396939897,6.18845340309,6.21209537596,0.0,0.657759008718,-0.827699057288,3.55051454393,-0.0214890804408,-0.101771300451,0.0,448.3297305810621,446.07077709846703,447.0694569940842,448.92036241034367
1.8000000000000012,0.398666043819,-0.446311529027,15.2540075715,6.18773142679,6.20659320857,0.0,0.703923972098,-0.888234673321,3.59305030536,0.0022017481626,-0.0767820057175,0.0,431.56880205005103,433.6653508668976,431.8337759077658,433.8277624128501
1.8600000000000012,0.442406677334,-0.501475335682,15.4713364834,6.18792128893,6.20211322846,0.0,0.754511593373,-0.950531492371,3.65098926572,0.00502338439399,-0.0707413832502,0.0,438.38265536337167,438.879874644739,437.5737099088957,437.8084924013608
1.9200000000000013,0.489357520175,-0.560478908451,15.6932253667,6.18788574093,6.19781693052,0.0,0.810915377753,-1.01621459461,3.74492151829,-0.0152501398752,-0.0733896114096,0.0,449.4750736989104,449.25650185876384,451.691219857193,450.0532128666377
1.9800000000000013,0.53966000625,-0.623297892165,15.9193543499,6.18712165162,6.19318255324,0.0,0.866236385429,-1.07782145493,3.79246087658,-0.00812710722057,-0.0863298780784,0.0,436.6859068115718,435.6001134713054,435.99936001884237,436.5942228622204
2.0400000000000014,0.593400884916,-0.689858758769,16.1486406652,6.18695805096,6.18775946394,0.0,0.925605281345,-1.14089166513,3.85011973632,0.00633244618857,-0.100058841479,0.0,441.16283891394494,440.02065919625363,438.8567199744185,440.05542044608984
2.1000000000000014,0.651310833058,-0.760702453256,16.3865147992,6.18703948906,6.18188017904,0.0,1.00535592542,-1.2204617103,4.07808213581,-0.0111370427425,-0.0941414157798,0.0,492.94824168148665,493.3781349311583,491.8387499022347,490.5431317306125
2.1600000000000015,0.713773346876,-0.835974747245,16.6344234943,6.18588627439,6.17610666085,0.0,1.07726262302,-1.28866652407,4.18500975394,-0.0448629489299,-0.100754108213,0.0,458.13159571117797,457.59783212911793,459.72435141362973,457.04390152121044
2.2200000000000015,0.780474812587,-0.915197209279,16.8869320212,6.18284059566,6.16982732597,0.0,1.14666443448,-1.35233395192,4.23159834281,-0.066428201299,-0.113888797284,0.0,440.8054419102151,439.7087825847576,441.24906317716494,439.4631581449791
2.2800000000000016,0.851781234293,-0.998584569928,17.144978939,6.17868006001,6.16257395561,0.0,1.23088891719,-1.42762495887,4.36920296015,-0.0759174495161,-0.140996378797,0.0,471.3385442921713,469.2258386610413,468.85473536950025,468.11342020629775
2.3400000000000016,0.928109489581,-1.08641600641,17.4096689482,6.17370698168,6.15400863668,0.0,1.31417509857,-1.50051593418,4.45319459774,-0.102853289225,-0.146523412199,0.0,455.0695407254208,454.608332774603,455.36482822623725,453.1989283352864
2.4000000000000017,1.00907040412,-1.17827686927,17.6753005437,6.16729685001,6.14493967139,0.0,1.38523760503,-1.56202676211,4.40113197668,-0.116298715011,-0.162520493843,0.0,411.7247079078416,410.2828927968394,412.1951520497028,410.9938956779254
2.4600000000000017,1.09487508241,-1.27429308663,17.9408210424,6.16034834398,6.13499195345,0.0,1.47579423463,-1.63913065109,4.44900008131,-0.11484635892,-0.17330395143,0.0,444.6615083061582,443.7507229084928,445.1730981674806,445.2799718433803
2.520000000000002,1.18602513944,-1.37483913568,18.2073351599,6.15351523288,6.12427508016,0.0,1.56341776461,-1.71297725922,4.43449422308,-0.11203064331,-0.19218867084,0.0,426.42757462580613,424.7782765208894,425.3010007780129,425.529940251028
2.580000000000002,1.28289690142,-1.48015640163,18.4746285719,6.14639256822,6.1132993525,0.0,1.66662490006,-1.79819065182,4.47468041914,-0.137432410726,-0.16893804201,0.0,442.9000225900703,444.7754357925406,445.6662754196611,443.57174547795677
2.640000000000002,1.38596379365,-1.59056761695,18.743142919,6.13798104426,6.10326073552,0.0,1.76977555651,-1.8828807207,4.47533729245,-0.146370153265,-0.164242858949,0.0,432.5914621225318,432.9590917103184,432.91556442369193,432.14380982780506
2.700000000000002,1.49534272885,-1.70616915267,19.0113646128,6.12927055825,6.09352753988,0.0,1.87698500121,-1.97122702766,4.46494121619,-0.14288784379,-0.158458154092,0.0,429.7935600542353,430.25759297949236,429.891472816331,430.1660037722848
2.760000000000002,1.61168468612,-1.82751361452,19.2807678118,6.12029932786,6.08375000427,0.0,2.00188812623,-2.07433888951,4.51439602413,-0.168034349651,-0.173945083893,0.0,451.0604937627924,449.78270444207953,451.91776582301895,449.8647050802162
2.820000000000002,1.73517823879,-1.95479469617,19.5505060061,6.11010195907,6.07321100988,0.0,2.11538488547,-2.1691702533,4.47645051613,-0.174100634255,-0.179292581161,0.0,423.431433057422,422.93961619162235,424.0314181667721,423.4805921827264
2.880000000000002,1.86634044602,-2.08848986534,19.82104278,6.09972128451,6.06257123462,0.0,2.25758122306,-2.28822618294,4.54043644863,-0.170919843611,-0.173672396663,0.0,457.65207315027027,458.06992547496,458.2877158152563,458.5127376592151
2.940000000000002,2.00644398234,-2.2296955877,20.0962241041,6.08899547797,6.05182306187,0.0,2.41341020931,-2.41952281933,4.63106514444,-0.20298757826,-0.193232440258,0.0,469.287688154048,467.7371010862525,470.1465064568398,467.624771183492
3.000000000000002,2.15515990981,-2.37821439364,20.3727933216,6.07759179775,6.04023557952,0.0,2.54466584178,-2.53200327036,4.58730350829,-0.172161214687,-0.19291045145,0.0,427.480234538439,427.46968836184186,426.0451395030818,428.63537534661367
3.0600000000000023,2.3139496231,-2.53531923971,20.6545239944,6.0671558277,6.02830851977,0.0,2.74933495218,-2.70571723172,4.80162301281,-0.177729031442,-0.214332150436,0.0,511.48741878683023,509.92575814612667,509.61451632772423,509.1914239784235
3.1200000000000023,2.48438142913,-2.7023285431,20.9455318756,6.0564010395,6.01625025385,0.0,2.93270907021,-2.86210023242,4.89707501672,-0.182463394243,-0.18264999423,0.0,477.63272412791116,480.0058384547176,478.7269952604114,478.33800679577905
3.1800000000000024,2.66526215917,-2.87828611488,21.2393512865,6.04559616319,6.0061674005,0.0,3.09738589999,-3.00397091605,4.89589867363,-0.17570453231,-0.148559793512,0.0,449.3325981034935,452.0606410446498,450.9579938011662,451.4728982320056
3.2400000000000024,2.8561588742,-3.06291896746,21.5328982528,6.03461589327,5.99725783938,0.0,3.26641775753,-3.15125745745,4.88802293739,-0.204469965962,-0.148358970301,0.0,450.64907227604544,450.6449462005527,452.41444861975134,450.059027337651
3.3000000000000025,3.05814569321,-3.2572583787,21.8284977468,6.02268659617,5.98867255496,0.0,3.46698290737,-3.3276410706,4.96367876599,-0.189427431352,-0.134222711043,0.0,479.12365414479564,480.1798187531747,480.38490391777486,481.48881652412024
3.3600000000000025,3.26954022339,-3.46004348697,22.1196951376,6.01098432212,5.98041527092,0.0,3.58007328976,-3.43268233114,4.74315114086,-0.20964144502,-0.145463068137,0.0,379.4905124364981,378.38841323190485,380.59147423304904,378.6062851804122
3.4200000000000026,3.49037711288,-3.67149227838,22.405486777,5.99896140861,5.97206759095,0.0,3.7816010689,-3.61649699063,4.78171863324,-0.186393208798,-0.128787848088,0.0,471.0337165996627,472.304837634884,471.3538241641759,473.1101366749716
3.4800000000000026,3.72201989396,-3.89294536401,22.6892295588,5.98783086051,5.96441101454,0.0,3.9402656858,-3.766070997,4.67579297658,-0.18379974357,-0.125353796403,0.0,426.1625132452469,426.44039077651917,425.26853552152653,425.45560662376255
3.5400000000000027,3.96439167398,-4.12452515649,22.9697334336,5.97696788409,5.95687459784,0.0,4.13911546508,-3.95400661501,4.67302248192,-0.1760567963,-0.126117582297,0.0,463.8914668880834,463.81784246146054,462.2003895617559,462.78002282605377
3.6000000000000028,4.21895214061,-4.36770259448,23.250348569,5.96634264973,5.94948399571,0.0,4.34650935669,-4.15260699198,4.67937319121,-0.179228837944,-0.117867640661,0.0,468.8409963536517,469.4687765298369,469.3708571872477,469.0961278782255
3.660000000000003,4.48544026604,-4.6224273888,23.52950585,5.95543190695,5.94223391475,0.0,4.53670446717,-4.33894945092,4.62476924631,-0.187663762912,-0.127542419856,0.0,451.09648738369873,450.3013198410742,453.1677601900358,452.45763364108024
3.720000000000003,4.76167313404,-4.88691430626,23.8005808481,5.94391931435,5.93424273791,0.0,4.67152864257,-4.47811293751,4.41096959786,-0.201999015624,-0.147918907563,0.0,396.36029793261173,394.46340567554876,395.7858613448104,394.42260479825865
3.780000000000003,5.04925253396,-5.16281297441,24.0669369305,5.93205578712,5.92509103689,0.0,4.91471150601,-4.71919270711,4.46539496284,-0.190326672027,-0.163848345902,0.0,492.8860847225936,491.68745001890704,490.9285606355535,491.75982195503167
3.840000000000003,5.35075595749,-5.45264170898,24.3343115292,5.92036797047,5.91487170272,0.0,5.13577884413,-4.942405241,4.44531634206,-0.205686725017,-0.188180488164,0.0,472.40133967671204,470.49423031836943,473.0712902448507,471.8518880859704
3.900000000000003,5.6641370089,-5.75464281984,24.596578186,5.90811194444,5.9032637919,0.0,5.31082574027,-5.12504697283,4.29591951261,-0.201573584711,-0.206949691435,0.0,431.6971996687212,430.07173684972383,429.00892328334726,429.3155414872912
3.960000000000003,5.98806869113,-6.06768525254,24.849510716,5.89546557142,5.89070189928,0.0,5.48751705037,-5.31041899191,4.1341334418,-0.244411417302,-0.21468465421,0.0,428.2221568269478,427.51833659824246,429.8710155351399,426.1760077253772
4.020000000000002,6.32334562562,-6.39256863444,25.0938894304,5.88091999917,5.87732394782,0.0,5.68894834227,-5.51978970692,4.01023588603,-0.238732383915,-0.249701389754,0.0,446.1866160125939,443.26663793728864,445.36085238571593,445.7666404541356
4.080000000000001,6.67128558053,-6.73057466155,25.3314665559,5.86608702663,5.86195571955,0.0,5.90970694117,-5.74771914101,3.90699786665,-0.275235941181,-0.273821223475,0.0,457.0758473504868,455.0838424899479,459.2894716866564,456.3228398522665
4.14,7.03242595071,-7.08222639217,25.5620624235,5.84958708619,5.84584625953,0.0,6.12898435936,-5.97469684577,3.77743265505,-0.27453039792,-0.259549800718,0.0,451.65589698695834,452.734184957069,452.7084242697689,452.6902565979863
4.199999999999998,7.40783886933,-7.44852057134,25.7863587439,5.83333542934,5.83050848296,0.0,6.38526346502,-6.23566974186,3.69642699047,-0.264393974443,-0.248772809691,0.0,474.78927310074215,475.554501710407,475.93094253107284,476.637553803767
4.259999999999997,7.79891682258,-7.83075962801,26.005620801,5.81710965644,5.81498364004,0.0,6.65102171118,-6.50609875265,3.6095160864,-0.286561177028,-0.304377062296,0.0,482.41402184965824,478.12883494425205,480.925919666652,479.17466144439845
4.319999999999996,8.20521054685,-8.22858883468,26.217654562,5.79968116694,5.79653778106,0.0,6.89269432348,-6.75533042991,3.45566002817,-0.299723996635,-0.314350028673,0.0,463.6274272868397,462.7504367226532,462.17095025351546,461.0493145513467
4.379999999999995,8.6276779628,-8.64282545467,26.4224983028,5.78174593585,5.77751702113,0.0,7.18996032379,-7.05275432481,3.36882397628,-0.297364014707,-0.322936728537,0.0,495.0829310878427,494.35878854122876,494.5592063317686,494.652037711685
4.439999999999993,9.06609859301,-9.07324188169,26.618320172,5.76404974869,5.75871830696,0.0,7.42455540726,-7.29482158658,3.15604093485,-0.290487078783,-0.298914637013,0.0,454.8713695282164,456.69331171471043,454.28862691773236,454.7535533224121
4.499999999999992,9.51908741674,-9.51859900079,26.8014666875,5.74635505712,5.74082951268,0.0,7.67536843926,-7.55068469385,2.94611965466,-0.305650897998,-0.296656785678,0.0,462.4951521771074,462.58636698678157,464.7097609425824,463.4342116398903
4.559999999999991,9.98505802716,-9.97756472268,26.968467128,5.72838180672,5.72335231223,0.0,7.85745667651,-7.74873448707,2.61892812873,-0.28954912021,-0.282290484759,0.0,420.048153448914,421.20101697514986,418.96539955494177,420.2661532752824
4.6199999999999894,10.462080524,-10.4485565697,27.1155556381,5.71162400905,5.70651619426,0.0,8.0436806687,-7.95152237657,2.28237616381,-0.264191144371,-0.277429657643,0.0,421.6028954968597,421.9384670988674,418.9579261102073,421.07306408249246
4.679999999999988,10.9514222607,-10.9327093273,27.2434913342,5.69550948602,5.69016025296,0.0,8.26786584301,-8.18721360273,1.97996262826,-0.279197284172,-0.264377765251,0.0,441.35790138085457,442.3585314585321,442.9312520171883,441.6212066487111
4.739999999999987,11.4550051126,-11.4316965756,27.3537744047,5.67858992229,5.67405876389,0.0,8.51814218852,-8.44585917803,1.69350505817,-0.288252250705,-0.277799477198,0.0,455.3931551015785,454.2465692611273,458.14833313604686,457.3492593281203
4.799999999999986,11.9732947132,-11.9459959344,27.4459903354,5.66179191704,5.65745970285,0.0,8.75809670239,-8.69760592364,1.37777094468,-0.267143097421,-0.274452739172,0.0,451.59964918894826,451.79356581820906,449.69640320774806,451.3250257262465
4.859999999999984,12.5040814879,-12.4739179144,27.5166437793,5.64677189312,5.64109564511,0.0,8.93501799958,-8.90030041205,0.975672725142,-0.228935685153,-0.269508830818,0.0,415.9267722020676,416.27903747106063,415.5912098448805,418.8589905507742
4.919999999999983,13.0505860825,-13.0181148136,27.568232476,5.63297298756,5.62467986132,0.0,9.28100317487,-9.23901916182,0.740061281329,-0.232156146329,-0.283345292658,0.0,502.86717783358995,501.7969248217243,502.38643665522545,502.10683099722087
4.979999999999982,13.6138282287,-13.5795058956,27.6009581554,5.61894245627,5.60767072288,0.0,9.49366743262,-9.47425046395,0.348524914159,-0.237439890558,-0.283767133048,0.0,440.7835482365181,440.6664501500827,439.49015064991005,438.99651651390803
5.0399999999999805,14.1884683159,-14.1540275489,27.6084168916,5.60492151319,5.59057786554,0.0,9.66114601133,-9.67700023695,-0.101688749729,-0.227076237994,-0.287201256197,0.0,416.3602648315469,415.97112989779293,416.6496343138328,417.49680542375984
5.099999999999979,14.7740179424,-14.7414508142,27.5892717473,5.59227266755,5.57343475746,0.0,9.85710697166,-9.90413076759,-0.538668687294,-0.189870606088,-0.282913157988,0.0,431.3373769835848,431.61405456309086,428.9564338438407,432.0590099377595
5.159999999999978,15.3720955209,-15.3431588873,27.5441662846,5.58050920726,5.55600463289,0.0,10.0785489363,-10.1530253483,-0.967342896005,-0.212779946734,-0.313347457108,0.0,445.8880162012188,443.30579548512543,444.01800137529784,442.0951434072663
5.219999999999977,15.9854228657,-15.9613004749,27.4745340778,5.56783372461,5.53755512128,0.0,10.3649147282,-10.4513536382,-1.35724691866,-0.208380760229,-0.297817887182,0.0,473.7984686085477,474.9012709837389,474.87405029122095,475.17071462317756
5.279999999999975,16.6143877078,-16.5963034106,27.3796806278,5.55563648515,5.51986264896,0.0,10.6000361527,-10.7154954837,-1.80749309742,-0.194680380666,-0.289568866648,0.0,454.03310273909534,454.60838168905906,453.6956856666283,454.75519215652423
5.339999999999974,17.2542380237,-17.2450270385,27.2548075506,5.54356657458,5.50330226193,0.0,10.7284765294,-10.9095724553,-2.35677902113,-0.219059692549,-0.257502030197,0.0,404.3646543594701,407.15830680225474,406.28110235879876,404.04306440677067
5.399999999999973,17.9041142923,-17.9071484582,27.0982942921,5.53042192249,5.48743561523,0.0,10.9334970109,-11.161560204,-2.86315961675,-0.219113176986,-0.284249346554,0.0,442.14798600391674,439.86515013513247,441.94759797885075,441.89540118368416
5.4599999999999715,18.5690527432,-18.5863930131,26.9128523981,5.51785057842,5.47133931513,0.0,11.2297581354,-11.4796720944,-3.3221950899,-0.195153338346,-0.247579165233,0.0,481.05298622841804,483.7549753537936,481.09854889586654,482.8701522803608
5.51999999999997,19.2480126791,-19.2824141472,26.6967182183,5.50612896635,5.45633826346,0.0,11.4018216415,-11.7218339899,-3.8849961374,-0.195776476267,-0.255391733323,0.0,434.234430332417,433.5136617130212,432.7712262186235,432.68034160761704
5.579999999999969,19.9363392987,-19.992571709,26.4456862488,5.49470161164,5.44097697696,0.0,11.5421865711,-11.9511557459,-4.48535682113,-0.181523122837,-0.257308673595,0.0,420.9703139164181,420.7343822584496,419.28475537075605,420.48421873632856
5.639999999999968,20.634074557,-20.7173640069,26.1587344777,5.4840576219,5.42543860493,0.0,11.7151288916,-12.2095250366,-5.08279968495,-0.170227718203,-0.262519841723,0.0,436.2803411982264,435.775786692982,434.43506683475516,435.3505263830281
5.699999999999966,21.3439849668,-21.4590345675,25.8364384408,5.47383372017,5.41031858679,0.0,11.9474430751,-12.5134363402,-5.66422025577,-0.17074136135,-0.236598186023,0.0,461.14687117011556,463.12922323559025,461.3396846512554,461.27242862872055
5.759999999999965,22.0682346334,-22.2194581468,25.4788379049,5.46340309562,5.39591024522,0.0,12.1928600247,-12.8346569545,-6.25992506107,-0.180898341866,-0.248356861421,0.0,471.12573661237934,470.1608350771796,469.68346739061775,468.8671743294899
5.819999999999964,22.8084537797,-23.0001921153,25.0854798191,5.45220344412,5.38097434155,0.0,12.4792248146,-13.1901409821,-6.85684408625,-0.201807027729,-0.250104438165,0.0,489.5344949959768,489.34849389096394,489.5704552177386,487.98049283558913
5.879999999999963,23.5619751786,-23.800297857,24.653463519,5.44003879764,5.36571925485,0.0,12.6373108072,-13.4813091647,-7.54782488113,-0.204683948799,-0.264174793204,0.0,445.4592346918418,444.2411469176164,444.3060272334894,444.02957913444334
5.939999999999961,24.3301022543,-24.6211495353,24.1818028188,5.42804309477,5.3499405844,0.0,12.9643122674,-13.8804740228,-8.18011230257,-0.191812358328,-0.2606903299,0.0,509.3553964905016,509.5446837779621,509.92464718690525,510.81021093282146
5.99999999999996,25.1089023362,-25.4612962416,23.6669395253,5.41667117543,5.33404853348,0.0,12.9959772889,-14.1268818213,-8.98577991522,-0.185328523484,-0.274877640252,0.0,403.2447744974007,401.8809095099824,401.7717412920699,402.3205143624145
6.059999999999959,25.8939926743,-26.3190945591,23.1049331376,5.40549474274,5.31764172073,0.0,13.1724508461,-14.4679257889,-9.75313380266,-0.188231797093,-0.270734857661,0.0,459.95788610372665,460.2132893943989,460.53283009434824,460.2706084110513
6.1199999999999575,26.6882481307,-27.1970626754,22.4952598381,5.39422386005,5.30114091621,0.0,13.3018567306,-14.7997261641,-10.5747713159,-0.187092558338,-0.285320296519,0.0,446.69936223638496,445.43089895738876,445.0101716952433,445.0692544174839
6.179999999999956,27.4927693632,-28.0967512456,21.8362656632,5.38259898782,5.28370512746,0.0,13.5136675226,-15.1914654606,-11.398332487,-0.212344718117,-0.304036851863,0.0,479.229655646877,477.72404318675353,478.98891123983975,477.02887284555516
6.239999999999955,28.3109860992,-29.0209539939,21.1270128594,5.36952394495,5.26582726393,0.0,13.7577563949,-15.6166029124,-12.2510119917,-0.232384580693,-0.287992187329,0.0,492.97933864120006,494.08322971761163,495.133141558722,493.613421316874
6.299999999999954,29.1358407621,-29.967296323,20.3622223433,5.35553460437,5.24829346428,0.0,13.7375994279,-15.9315306924,-13.2483593248,-0.234741007999,-0.302414734686,0.0,403.01070773085416,401.60670249639264,401.1023316060519,400.82746067456145
6.359999999999952,29.9621377361,-30.9344738434,19.537171353,5.34185917746,5.23033870797,0.0,13.8047869613,-16.3107278555,-14.2610781851,-0.216950104867,-0.293574770661,0.0,436.18556939638165,436.83072436677134,434.2723519986151,435.7100283146715
6.419999999999951,30.7936288532,-31.9256578946,18.650181541,5.32921905355,5.21293845921,0.0,13.9103345442,-16.7319651497,-15.3139919375,-0.200406512825,-0.283693079751,0.0,451.69810811975594,452.4109315817602,451.0913442470555,452.38307921318255
6.47999999999995,31.6293991547,-32.9420101883,17.6976237589,5.31763218181,5.19582329081,0.0,13.9482266946,-17.1507228195,-16.4471238349,-0.181522830471,-0.288561830111,0.0,429.7934690670326,429.2945777810025,429.60158453279803,431.1630034722344
6.5399999999999485,32.4664187695,-33.9839974234,16.6748685541,5.30643849896,5.17895581693,0.0,13.9523779325,-17.587295099,-17.6547706433,-0.199233783967,-0.269355250817,0.0,417.06689745430833,418.6563390269648,419.4054243287058,417.82646901125617
6.599999999999947,33.3036955861,-35.0532507821,15.577532295,5.29457010995,5.16316606124,0.0,13.9566395116,-18.0599687444,-18.9345170954,-0.195098974286,-0.253024425605,0.0,417.5760634433047,418.9245614314398,418.8218231287437,419.14071727151264
6.659999999999946,34.1431155648,-36.1527981096,14.4015064289,5.28287733001,5.14774530619,0.0,14.0230418953,-18.5973333912,-20.2795806053,-0.19444532602,-0.266477292464,0.0,443.3492532396341,442.1746385027967,441.2503259522979,441.2669599545727
6.719999999999945,34.9921028483,-37.2880478426,13.1434141981,5.27130103254,5.13242185583,0.0,14.2732606388,-19.2495478376,-21.6727582316,-0.190087203844,-0.23937756432,0.0,504.58060601382687,506.4767295336426,504.7518292241014,505.03504775099634
6.779999999999943,35.848609015,-38.4609881161,11.7967732662,5.25980997756,5.11814530857,0.0,14.2765944711,-19.8561885546,-23.2319970092,-0.194538671164,-0.235221784948,0.0,430.5938884888397,430.88712503545463,429.4133403747033,428.9980553906925
6.839999999999942,36.7096752117,-39.6735741742,10.3540018773,5.24765968787,5.10358365989,0.0,14.4233448571,-20.571052803,-24.8802794967,-0.227395707749,-0.264974152512,0.0,481.0097484327163,478.69417041318775,481.0517691402859,478.5171832822174
6.899999999999941,37.5770003555,-40.929926821,8.80766217986,5.23380069815,5.08761041365,0.0,14.4858867884,-21.3161794247,-26.6870105969,-0.239329125863,-0.268832177245,0.0,458.4981559911959,458.1221349512768,456.9061062849919,455.90117137286927
6.95999999999994,38.4445273841,-42.2317602705,7.14746755675,5.22011938179,5.07168657465,0.0,14.431438016,-22.0890391431,-28.6784828768,-0.211771963853,-0.259299378919,0.0,419.70175551299974,420.4534639552401,419.3167343204282,421.6500840061481
7.019999999999938,39.3088976451,-43.5823353428,5.36232342172,5.20748852406,5.05613719187,0.0,14.3807541602,-22.9428538563,-30.8562492487,-0.208114777514,-0.2588725317,0.0,423.0457902900951,423.01128108430396,420.86267436201007,421.1330134267526
7.079999999999937,40.171955666,-44.9874057362,3.44038396333,5.19484460536,5.04107447523,0.0,14.3869192308,-23.9072057412,-33.24388693,-0.216549144885,-0.238782929705,0.0,442.6278884439131,444.21559610525657,441.63204532461776,440.89100583992683
7.139999999999936,41.0311340253,-46.4521911024,1.36691200002,5.18275451573,5.02699178612,0.0,14.2531811361,-24.93659705,-35.9134588109,-0.181616086141,-0.227621674766,0.0,393.3929831935283,394.36332683039643,392.86848815212255,396.05033113218235
7.1999999999999345,41.8885054898,-47.9843065583,0.0,5.17187557808,5.01332850571,0.0,14.3242332983,-26.1541098287,-38.8623043319,-0.180722273847,-0.227921032032,0.0,463.30707101175,463.2343084489198,464.1737475570374,464.2136873910901
